204.62746;
 268.211;
 1389.8464
204.20294;
 270.27237;
 1388.9524
204.51987;
 270.46338;
 1388.729
204.0809;
 270.39676;
 1388.9795
205.63824;
 272.56668;
 1387.1121
205.40715;
 270.02545;
 1388.5664
204.72775;
 270.51581;
 1388.5991
206.42915;
 268.75647;
 1388.725
205.04501;
 270.96155;
 1388.2053
203.91702;
 270.07715;
 1389.2266
204.67087;
 270.65494;
 1388.5576
203.69969;
 270.22531;
 1389.2402
204.86133;
 267.86646;
 1389.9452
204.6131;
 270.18695;
 1388.843
204.87773;
 270.034;
 1388.7866
204.81343;
 270.10547;
 1388.7811
206.48044;
 267.03528;
 1389.5986
204.33417;
 268.04282;
 1390.0903
204.45453;
 269.98566;
 1389.0483
204.3262;
 270.36154;
 1388.8462
203.98169;
 267.78775;
 1390.3783
204.68875;
 267.6803;
 1390.1228
204.98492;
 270.22546;
 1388.6442
203.45453;
 267.83069;
 1390.6206
204.65842;
 273.03018;
 1387.2899
204.63362;
 270.34579;
 1388.7426
205.03267;
 270.4144;
 1388.5112
203.05597;
 267.53677;
 1390.9586
204.27158;
 267.72635;
 1390.3003
205.09641;
 270.52509;
 1388.4264
203.87154;
 270.37744;
 1389.0894
203.54919;
 267.45239;
 1390.7755
204.66679;
 267.99261;
 1389.9501
204.03151;
 270.37247;
 1389.0228
205.56784;
 272.90787;
 1386.9442
204.97034;
 272.67145;
 1387.3501
205.07671;
 272.74792;
 1387.2454
204.70349;
 269.33447;
 1389.2371
204.24228;
 268.04874;
 1390.1394
206.73682;
 265.2334;
 1390.585
204.97058;
 267.74146;
 1389.9972
205.07428;
 268.15903;
 1389.7073
205.51619;
 267.02731;
 1390.2445
203.72142;
 269.36554;
 1389.7126
210.41223;
 269.98566;
 1385.9973
205.93561;
 265.77002;
 1390.673
204.80182;
 268.1145;
 1389.8616
205.24937;
 267.31842;
 1390.1993
205.33093;
 270.52985;
 1388.3583
205.17685;
 268.52396;
 1389.4891
204.7211;
 268.20441;
 1389.8634
204.55206;
 267.67444;
 1390.2285
204.41263;
 268.1731;
 1390.0066
205.23752;
 268.19705;
 1389.614
206.3692;
 270.09354;
 1388.1217
205.40271;
 270.46844;
 1388.3386
204.91382;
 267.54065;
 1390.1377
204.93088;
 267.91693;
 1389.9071
205.45689;
 268.19937;
 1389.5225
204.76556;
 268.83835;
 1389.4982
205.46786;
 268.5556;
 1389.3378
205.42978;
 271.41205;
 1387.8218
205.78401;
 271.0943;
 1387.8545
206.25043;
 271.17203;
 1387.5811
205.65643;
 269.16833;
 1388.8773
205.12177;
 268.85178;
 1389.2947
209.30368;
 271.93732;
 1385.6689
208.44891;
 270.56201;
 1386.7771
205.11513;
 269.0705;
 1389.2021
205.50992;
 272.92514;
 1386.9602
205.56631;
 271.95996;
 1387.4445
205.54507;
 269.08597;
 1389.0115
204.96268;
 268.93185;
 1389.3475
204.90555;
 268.17621;
 1389.7661
203.56529;
 269.13937;
 1389.9152
205.80656;
 266.73438;
 1390.103
205.25438;
 267.73779;
 1389.8542
205.08696;
 270.22089;
 1388.6227
205.55338;
 268.61365;
 1389.2676
205.56258;
 268.86823;
 1389.1171
205.45979;
 269.26892;
 1388.953
205.04842;
 272.66394;
 1387.3716
204.89105;
 269.00092;
 1389.3569
204.57974;
 269.67786;
 1389.0823
207.44998;
 269.22192;
 1387.9619
206.16742;
 269.65015;
 1388.5508
206.10178;
 273.07767;
 1386.5923
205.76501;
 270.47162;
 1388.1404
205.54221;
 272.89774;
 1386.9749
205.05475;
 269.95847;
 1388.7598
204.26755;
 269.38223;
 1389.417
204.7623;
 272.71021;
 1387.3899
204.47246;
 269.27927;
 1389.4033
205.47876;
 272.58463;
 1387.1528
205.09993;
 270.73611;
 1388.311
204.66234;
 270.00815;
 1388.8903
205.84407;
 272.16165;
 1387.2653
205.55434;
 272.12289;
 1387.3849
205.5643;
 272.56177;
 1387.1193
205.1658;
 270.43222;
 1388.4397
205.64534;
 272.14572;
 1387.3905
205.40694;
 272.60074;
 1387.1809
203.61955;
 270.42642;
 1389.1421
205.06555;
 272.84988;
 1387.2502
205.17511;
 262.05313;
 1392.8416
205.1088;
 269.33966;
 1389.0708
205.20467;
 273.2691;
 1386.9275
203.48079;
 267.40399;
 1390.7937
205.1853;
 270.37561;
 1388.4545
205.55829;
 272.0535;
 1387.4458
203.5363;
 270.0679;
 1389.3903
204.81734;
 270.53842;
 1388.5535
205.5676;
 270.17441;
 1388.413
206.51648;
 272.65765;
 1386.6655
205.0844;
 270.30457;
 1388.54
205.41953;
 273.09708;
 1386.9164
205.23531;
 272.43442;
 1387.3698
205.76428;
 270.38184;
 1388.1985
204.67349;
 269.7764;
 1389.0251
205.04054;
 270.53198;
 1388.5095
206.3739;
 270.84012;
 1387.7029
204.57985;
 268.52884;
 1389.7515
205.32056;
 268.62711;
 1389.3718
205.13191;
 271.47403;
 1387.9393
206.00673;
 267.07797;
 1389.8088
208.02806;
 270.18524;
 1387.0859
205.7879;
 268.81906;
 1389.0452
206.01466;
 269.23041;
 1388.6841
204.67317;
 268.70834;
 1389.605
205.40129;
 270.43802;
 1388.3513
204.96223;
 270.42963;
 1388.5532
204.87628;
 270.32419;
 1388.6331
204.44902;
 269.97278;
 1389.0168
205.34937;
 270.46591;
 1388.3495
205.42445;
 272.97726;
 1386.9576
205.17206;
 272.73349;
 1387.2233
205.48807;
 272.7023;
 1387.0959
205.05374;
 272.853;
 1387.2079
204.87206;
 270.68402;
 1388.4252
205.01537;
 270.65262;
 1388.3861
205.24939;
 272.47137;
 1387.3301
206.59544;
 272.59613;
 1386.6506
204.33742;
 270.24118;
 1388.9155
205.20665;
 270.61032;
 1388.3182
205.58846;
 273.55978;
 1386.568
204.84291;
 268.79144;
 1389.4978
204.84082;
 268.26538;
 1389.7677
204.07056;
 267.75165;
 1390.3943
204.94632;
 268.45108;
 1389.6233
206.30101;
 273.81696;
 1385.7898
205.56268;
 270.21396;
 1388.3873
205.29005;
 270.07486;
 1388.6075
204.72873;
 269.72559;
 1389.0322
204.61826;
 270.40945;
 1388.7125
205.2337;
 270.23624;
 1388.5275
204.91515;
 270.56284;
 1388.4851
205.0528;
 271.05176;
 1388.1583
205.11124;
 270.44147;
 1388.4795
205.1091;
 270.82578;
 1388.2515
204.97929;
 270.48605;
 1388.501
204.2397;
 270.43604;
 1388.8723
206.46095;
 268.88403;
 1388.6396
204.88417;
 270.2962;
 1388.6436
204.58797;
 270.51617;
 1388.6738
204.37163;
 270.28888;
 1388.89
205.17838;
 270.36746;
 1388.4783
204.90318;
 270.39502;
 1388.5992
203.83481;
 270.16357;
 1389.1876
203.84465;
 267.68469;
 1390.5125
204.74382;
 268.0126;
 1389.9077
205.45055;
 272.60092;
 1387.1534
205.0204;
 270.01978;
 1388.7283
204.69286;
 270.65872;
 1388.5212
205.40698;
 270.49377;
 1388.2954
205.2641;
 270.48773;
 1388.371
204.82858;
 268.93286;
 1389.3871
204.04343;
 267.85486;
 1390.3214
204.03595;
 268.24323;
 1390.1479
206.07057;
 266.38495;
 1390.1716
204.43747;
 267.62604;
 1390.272
205.37091;
 270.57922;
 1388.3276
204.32968;
 270.23105;
 1388.9868
204.04498;
 268.00275;
 1390.2618
204.66208;
 268.5238;
 1389.7152
205.9726;
 269.15869;
 1388.767
206.30292;
 271.74228;
 1387.2493
205.12042;
 270.17047;
 1388.6262
207.72867;
 269.74133;
 1387.5581
205.08385;
 270.16898;
 1388.6321
205.37411;
 272.53085;
 1387.2661
205.20583;
 270.09933;
 1388.582
208.01703;
 270.62408;
 1386.9473
204.00485;
 270.05359;
 1389.2004
204.45699;
 272.26743;
 1387.8109
204.535;
 268.10089;
 1389.9358
204.16322;
 270.366;
 1388.9338
205.69769;
 272.84448;
 1386.9819
205.03809;
 270.72122;
 1388.3464
204.61707;
 269.89822;
 1389.0028
205.16713;
 270.7243;
 1388.3064
205.49081;
 272.97882;
 1386.9315
205.28662;
 272.5863;
 1387.2402
205.20026;
 272.69345;
 1387.2487
205.38055;
 273.06009;
 1386.9871
203.39041;
 267.81573;
 1390.6445
203.54256;
 269.49777;
 1389.7156
204.79373;
 270.69791;
 1388.483
204.45734;
 270.20258;
 1388.8999
205.17226;
 272.54752;
 1387.3279
205.07729;
 272.51547;
 1387.4402
204.47795;
 270.64722;
 1388.6436
202.86095;
 270.14597;
 1389.6576
207.30182;
 270.64532;
 1387.3118
205.33527;
 272.6496;
 1387.1847
203.95529;
 267.80701;
 1390.3694
203.55119;
 270.08066;
 1389.4001
203.7693;
 269.6731;
 1389.5144
206.14812;
 268.2164;
 1389.2747
204.12927;
 269.23993;
 1389.5955
205.28613;
 267.48044;
 1390.063
203.13968;
 269.33316;
 1389.9982
203.63542;
 270.65411;
 1389.0264
203.61049;
 270.04013;
 1389.3811
203.25586;
 269.49301;
 1389.8691
203.66785;
 268.85864;
 1390.0096
205.25211;
 271.82391;
 1387.5995
204.98689;
 269.81064;
 1388.8927
204.0166;
 270.19565;
 1389.1088
204.85269;
 269.13;
 1389.3564
204.02837;
 268.95087;
 1389.8077
204.12027;
 269.6301;
 1389.4352
206.67827;
 268.69162;
 1388.7356
206.67258;
 268.01172;
 1389.1232
203.46823;
 269.5033;
 1389.7678
204.05794;
 269.50714;
 1389.4797
204.01056;
 269.68085;
 1389.4038
208.02975;
 268.26599;
 1388.3171
204.00237;
 269.12964;
 1389.7263
203.98016;
 269.14804;
 1389.7117
204.55922;
 269.19464;
 1389.4517
202.65614;
 269.56931;
 1390.0801
203.62051;
 269.30219;
 1389.8091
203.11928;
 269.24841;
 1390.0374
207.25272;
 268.871;
 1388.3364
203.59251;
 269.72989;
 1389.572
203.20042;
 269.23233;
 1390.0394
203.72299;
 269.27042;
 1389.7822
204.62451;
 268.17932;
 1389.9648
205.94641;
 270.67355;
 1388.0845
205.61195;
 270.58151;
 1388.291
203.70239;
 268.7858;
 1390.0603
203.01077;
 268.8288;
 1390.3221
204.99942;
 268.30893;
 1389.746
205.10852;
 269.21506;
 1389.2081
204.71651;
 269.21329;
 1389.3767
205.24176;
 269.80313;
 1388.8573
204.29991;
 269.79514;
 1389.1943
203.41959;
 270.30771;
 1389.3448
204.22964;
 270.24185;
 1389.0571
203.93541;
 269.5481;
 1389.5447
203.28989;
 269.52692;
 1389.8451
204.56531;
 268.5018;
 1389.8304
207.41293;
 270.33807;
 1387.4933
206.27922;
 269.65518;
 1388.3177
203.72478;
 269.70157;
 1389.5154
204.25252;
 270.89252;
 1388.7386
206.50101;
 269.33936;
 1388.5953
204.91861;
 268.2771;
 1389.7764
203.83463;
 268.28113;
 1390.2621
204.65714;
 270.58109;
 1388.6608
203.38144;
 270.59811;
 1389.1637
204.89372;
 270.56027;
 1388.4943
204.64224;
 270.85291;
 1388.5336
205.82138;
 273.84387;
 1386.3784
206.45306;
 273.62079;
 1386.2833
205.67055;
 264.867;
 1391.199
205.65305;
 272.33743;
 1387.2815
202.99487;
 270.07202;
 1389.6587
203.78052;
 268.08224;
 1390.3301
207.62448;
 270.27686;
 1387.4216
205.43977;
 270.15002;
 1388.4998
204.38431;
 270.69592;
 1388.6768
204.12914;
 269.94244;
 1389.0852
206.18086;
 263.81369;
 1391.4624
206.52962;
 268.9567;
 1388.7461
206.17281;
 268.39526;
 1389.1608
203.77359;
 267.49915;
 1390.6417
203.75224;
 268.97595;
 1389.8877
203.03011;
 269.79111;
 1389.7908
205.39195;
 268.16904;
 1389.6356
204.2437;
 268.81247;
 1389.8335
203.99585;
 268.51904;
 1390.0398
204.62093;
 270.0672;
 1388.9357
204.96628;
 266.13049;
 1390.7419
205.01099;
 265.21719;
 1391.3085
204.20944;
 268.29343;
 1390.0225
206.91293;
 273.33936;
 1386.2712
203.15498;
 267.45142;
 1390.8346
205.55194;
 272.52832;
 1387.1799
205.70613;
 270.25116;
 1388.1522
204.03986;
 272.13983;
 1388.0996
207.19972;
 269.10162;
 1388.2271
202.86757;
 270.14087;
 1389.6777
205.36041;
 270.44766;
 1388.3453
204.94702;
 269.01355;
 1389.3008
205.17072;
 268.43872;
 1389.532
205.85156;
 271.16861;
 1387.7745
207.88979;
 273.92004;
 1385.1924
206.11723;
 269.19867;
 1388.6726
205.22472;
 268.99664;
 1389.1923
203.81277;
 269.36154;
 1389.6895
204.21046;
 268.4751;
 1389.929
204.48541;
 268.4726;
 1389.8146
205.14764;
 268.36038;
 1389.583
206.00883;
 266.87509;
 1390.0461
204.68079;
 268.90851;
 1389.4835
204.77606;
 270.51447;
 1388.5626
205.95752;
 269.24734;
 1388.6674
206.42236;
 268.98633;
 1388.6267
205.27185;
 270.37003;
 1388.4381
205.20872;
 270.64804;
 1388.304
204.99626;
 270.51614;
 1388.4768
206.19296;
 268.60843;
 1388.9224
206.38177;
 269.2312;
 1388.4839
205.78856;
 269.07654;
 1388.832
203.90836;
 267.69745;
 1390.4834
203.90791;
 267.89197;
 1390.37
203.48428;
 267.5921;
 1390.7422
205.01074;
 270.55536;
 1388.4382
203.96103;
 267.84198;
 1390.3761
205.06352;
 268.04785;
 1389.7432
204.8092;
 270.42075;
 1388.5928
204.67041;
 270.12482;
 1388.8351
204.63861;
 270.41293;
 1388.7094
204.83414;
 270.28235;
 1388.6787
204.06247;
 269.77454;
 1389.2952
204.91527;
 270.26584;
 1388.6555
203.9037;
 267.61444;
 1390.5222
204.83916;
 270.5939;
 1388.4958
204.26303;
 267.72415;
 1390.313
204.61848;
 268.31244;
 1389.7944
203.76401;
 267.74622;
 1390.5081
203.82599;
 267.7998;
 1390.451
203.74648;
 267.65213;
 1390.5721
204.05879;
 267.1571;
 1390.6993
204.24925;
 270.1044;
 1389.0642
204.98309;
 268.07352;
 1389.7769
204.14012;
 272.39038;
 1387.8937
204.38112;
 268.25708;
 1389.9509
204.33798;
 266.84369;
 1390.7513
205.1263;
 267.66681;
 1389.9113
203.51944;
 266.91113;
 1391.0812
204.44861;
 268.05707;
 1390.0232
203.69936;
 267.89349;
 1390.4648
203.52451;
 270.05045;
 1389.417
204.42265;
 268.28137;
 1389.928
204.59833;
 268.39786;
 1389.7616
203.58554;
 267.60114;
 1390.6705
203.98357;
 269.91837;
 1389.2716
204.49251;
 270.59204;
 1388.6604
204.55971;
 270.21188;
 1388.8357
204.72945;
 270.10141;
 1388.8152
204.74847;
 270.16446;
 1388.778
205.27411;
 270.55869;
 1388.323
204.01637;
 268.2001;
 1390.1431
204.58359;
 267.86951;
 1390.0667
204.44363;
 268.10638;
 1389.9954
204.37466;
 270.90955;
 1388.5381
204.71603;
 267.60168;
 1390.1555
205.59015;
 273.06833;
 1386.8347
204.90462;
 272.70081;
 1387.348
205.02672;
 270.51657;
 1388.448
204.89706;
 272.82645;
 1387.2788
204.17923;
 268.08334;
 1390.1204
204.35684;
 268.19678;
 1389.9856
204.71519;
 270.01474;
 1388.8785
204.9084;
 268.01776;
 1389.8369
205.08749;
 272.81461;
 1387.2007
204.87927;
 270.71725;
 1388.4043
204.73734;
 268.43866;
 1389.6804
203.90846;
 268.07391;
 1390.2626
204.07938;
 267.73535;
 1390.3628
203.34253;
 267.8728;
 1390.6416
205.34885;
 270.43399;
 1388.3577
202.95251;
 267.56564;
 1390.9786
204.50665;
 270.23459;
 1388.8561
205.09502;
 270.23947;
 1388.5931
204.21739;
 270.45471;
 1388.864
204.78215;
 270.42398;
 1388.6345
204.84517;
 269.94998;
 1388.863
204.33899;
 270.46118;
 1388.8107
204.1564;
 267.74664;
 1390.3306
205.03006;
 268.32782;
 1389.6232
204.82187;
 267.99252;
 1389.8826
204.605;
 267.84509;
 1390.0665
204.77843;
 272.89426;
 1387.3035
204.33934;
 270.34012;
 1388.8624
204.73764;
 270.56339;
 1388.5576
205.10909;
 267.81522;
 1389.8641
204.62561;
 270.49625;
 1388.6614
205.22972;
 270.21643;
 1388.5349
204.53114;
 270.13248;
 1388.8948
204.83682;
 270.36136;
 1388.6299
204.87512;
 270.62717;
 1388.474
204.84393;
 270.19543;
 1388.7211
204.16501;
 267.66766;
 1390.3949
203.9626;
 269.9288;
 1389.2816
202.66345;
 267.76346;
 1391.0161
204.1832;
 267.38272;
 1390.5203
203.71486;
 269.61133;
 1389.5714
207.36627;
 269.46365;
 1387.9501
203.37807;
 270.35956;
 1389.3125
203.83315;
 266.70755;
 1391.0437
203.80762;
 268.96057;
 1389.8842
204.11212;
 269.11597;
 1389.6638
